136 136 136 136 139 139 139 139 133 133 133 133 122 122 122 122 119 119 119 119 119 119 119 119 119 119 119 119 119 119 119 119 119 119 119 119 123 123 123 123 125 125 125 125 121 121 121 121 123 123 123 123 118 118 118 118 116 116 116 116 116 116 116 116 118 118 118 118 118 118 118 118 118 118 118 118 118 118 118 118 116 116 116 116 116 116 116 116 
142 142 142 142 151 151 151 151 136 136 136 136 122 122 122 122 119 119 119 119 119 119 119 119 119 119 119 119 119 119 119 119 119 119 119 119 123 123 123 123 125 125 125 125 123 123 123 123 123 123 123 123 118 118 118 118 116 116 116 116 116 116 116 116 118 118 118 118 118 118 118 118 118 118 118 118 118 118 118 118 116 116 116 116 116 116 116 116 
136 136 136 136 128 128 128 128 128 128 128 128 122 122 122 122 119 119 119 119 119 119 119 119 119 119 119 119 119 119 119 119 119 119 119 119 123 123 123 123 125 125 125 125 127 127 127 127 123 123 123 123 118 118 118 118 116 116 116 116 116 116 116 116 118 118 118 118 118 118 118 118 118 118 118 118 118 118 118 118 116 116 116 116 116 116 116 116 
125 125 125 125 122 122 122 122 117 117 117 117 122 122 122 122 119 119 119 119 119 119 119 119 119 119 119 119 119 119 119 119 119 119 119 119 123 123 123 123 125 125 125 125 129 129 129 129 123 123 123 123 118 118 118 118 116 116 116 116 116 116 116 116 118 118 118 118 118 118 118 118 118 118 118 118 118 118 118 118 116 116 116 116 116 116 116 116 
127 124 118 116 121 121 121 121 118 118 118 118 118 118 118 118 118 118 118 118 118 118 118 118 118 118 118 118 118 118 118 118 122 122 122 122 126 126 126 126 128 128 128 128 128 128 128 128 126 126 126 126 121 121 121 121 119 119 119 119 119 119 119 119 117 117 117 117 117 117 117 117 117 117 117 117 117 117 117 117 115 115 115 115 115 115 115 115 
127 124 118 116 121 121 121 121 118 118 118 118 118 118 118 118 118 118 118 118 118 118 118 118 118 118 118 118 118 118 118 118 122 122 122 122 126 126 126 126 128 128 128 128 128 128 128 128 126 126 126 126 121 121 121 121 119 119 119 119 119 119 119 119 117 117 117 117 117 117 117 117 117 117 117 117 117 117 117 117 115 115 115 115 115 115 115 115 
127 124 118 116 121 121 121 121 118 118 118 118 118 118 118 118 118 118 118 118 118 118 118 118 118 118 118 118 118 118 118 118 122 122 122 122 126 126 126 126 128 128 128 128 128 128 128 128 126 126 126 126 121 121 121 121 119 119 119 119 119 119 119 119 117 117 117 117 117 117 117 117 117 117 117 117 117 117 117 117 115 115 115 115 115 115 115 115 
127 124 118 116 121 121 121 121 118 118 118 118 118 118 118 118 118 118 118 118 118 118 118 118 118 118 118 118 118 118 118 118 122 122 122 122 126 126 126 126 128 128 128 128 128 128 128 128 126 126 126 126 121 121 121 121 119 119 119 119 119 119 119 119 117 117 117 117 117 117 117 117 117 117 117 117 117 117 117 117 115 115 115 115 115 115 115 115 
125 122 116 114 119 119 119 119 116 116 116 116 116 116 116 116 119 119 119 119 120 120 120 120 120 120 120 120 123 123 123 123 124 124 124 124 128 128 128 128 128 128 128 128 128 128 128 128 128 128 128 128 128 128 128 128 121 121 121 121 121 121 121 121 117 117 117 117 117 117 117 117 117 117 117 117 117 117 117 117 116 116 116 116 115 115 115 115 
125 122 116 114 119 119 119 119 116 116 116 116 116 116 116 116 119 119 119 119 120 120 120 120 120 120 120 120 123 123 123 123 124 124 124 124 128 128 128 128 128 128 128 128 128 128 128 128 128 128 128 128 128 128 128 128 121 121 121 121 121 121 121 121 117 117 117 117 117 117 117 117 117 117 117 117 117 117 117 117 116 116 116 116 115 115 115 115 
125 122 116 114 119 119 119 119 116 116 116 116 116 116 116 116 119 119 119 119 120 120 120 120 120 120 120 120 123 123 123 123 124 124 124 124 128 128 128 128 128 128 128 128 128 128 128 128 128 128 128 128 128 128 128 128 121 121 121 121 121 121 121 121 117 117 117 117 117 117 117 117 117 117 117 117 117 117 117 117 116 116 116 116 115 115 115 115 
125 122 116 114 119 119 119 119 116 116 116 116 116 116 116 116 119 119 119 119 120 120 120 120 120 120 120 120 123 123 123 123 124 124 124 124 128 128 128 128 128 128 128 128 128 128 128 128 128 128 128 128 128 128 128 128 121 121 121 121 121 121 121 121 117 117 117 117 117 117 117 117 117 117 117 117 117 117 117 117 116 116 116 116 115 115 115 115 
125 122 116 114 119 119 119 119 121 121 121 121 120 120 120 120 122 122 122 122 121 121 121 121 121 121 121 121 124 124 124 124 126 126 126 126 127 127 127 127 127 127 127 127 127 127 127 127 127 127 127 127 127 127 127 127 125 125 125 125 116 116 116 116 117 117 117 117 117 117 117 117 117 117 117 117 117 117 117 117 117 117 117 117 116 116 116 116 
125 122 116 114 119 119 119 119 121 121 121 121 120 120 120 120 122 122 122 122 121 121 121 121 121 121 121 121 124 124 124 124 126 126 126 126 127 127 127 127 127 127 127 127 127 127 127 127 127 127 127 127 127 127 127 127 125 125 125 125 116 116 116 116 117 117 117 117 117 117 117 117 117 117 117 117 117 117 117 117 117 117 117 117 116 116 116 116 
125 122 116 114 119 119 119 119 121 121 121 121 120 120 120 120 122 122 122 122 121 121 121 121 121 121 121 121 124 124 124 124 126 126 126 126 127 127 127 127 127 127 127 127 127 127 127 127 127 127 127 127 127 127 127 127 125 125 125 125 116 116 116 116 117 117 117 117 117 117 117 117 117 117 117 117 117 117 117 117 117 117 117 117 116 116 116 116 
125 122 116 114 119 119 119 119 121 121 121 121 120 120 120 120 122 122 122 122 121 121 121 121 121 121 121 121 124 124 124 124 126 126 126 126 127 127 127 127 127 127 127 127 127 127 127 127 127 127 127 127 127 127 127 127 125 125 125 125 116 116 116 116 117 117 117 117 117 117 117 117 117 117 117 117 117 117 117 117 117 117 117 117 116 116 116 116 
121 121 121 121 121 121 121 121 119 119 119 119 119 119 119 119 118 118 118 118 119 119 119 119 118 121 126 128 126 126 126 126 128 128 128 128 125 125 125 125 127 127 127 127 127 127 127 127 127 127 127 127 127 127 127 127 125 125 125 125 126 124 119 116 116 116 116 116 117 117 117 117 117 117 117 117 117 117 117 117 117 117 117 117 116 116 116 116 
121 121 121 121 121 121 121 121 119 119 119 119 119 119 119 119 118 118 118 118 119 119 119 119 118 121 126 128 126 126 126 126 128 128 128 128 125 125 125 125 127 127 127 127 127 127 127 127 127 127 127 127 127 127 127 127 125 125 125 125 126 124 119 116 116 116 116 116 117 117 117 117 117 117 117 117 117 117 117 117 117 117 117 117 116 116 116 116 
121 121 121 121 121 121 121 121 119 119 119 119 119 119 119 119 118 118 118 118 119 119 119 119 118 121 126 128 126 126 126 126 128 128 128 128 125 125 125 125 127 127 127 127 127 127 127 127 127 127 127 127 127 127 127 127 125 125 125 125 126 124 119 116 116 116 116 116 117 117 117 117 117 117 117 117 117 117 117 117 117 117 117 117 116 116 116 116 
121 121 121 121 121 121 121 121 119 119 119 119 119 119 119 119 118 118 118 118 119 119 119 119 118 121 126 128 126 126 126 126 128 128 128 128 125 125 125 125 127 127 127 127 127 127 127 127 127 127 127 127 127 127 127 127 125 125 125 125 126 124 119 116 116 116 116 116 117 117 117 117 117 117 117 117 117 117 117 117 117 117 117 117 116 116 116 116 
121 121 121 121 121 121 121 121 119 119 119 119 119 119 119 119 121 121 121 121 122 122 122 122 123 123 123 123 126 126 126 126 125 125 125 125 121 121 121 121 119 119 119 119 129 129 129 129 129 129 129 129 129 129 129 129 123 123 123 123 122 122 122 122 116 116 116 116 116 116 116 116 116 116 116 116 116 116 116 116 116 116 116 116 116 116 116 116 
121 121 121 121 121 121 121 121 119 119 119 119 119 119 119 119 121 121 121 121 122 122 122 122 123 123 123 123 126 126 126 126 123 123 123 123 119 119 119 119 117 117 117 117 115 115 115 115 115 115 115 115 115 115 115 115 117 117 117 117 119 119 119 119 116 116 116 116 116 116 116 116 116 116 116 116 116 116 116 116 116 116 116 116 116 116 116 116 
121 121 121 121 121 121 121 121 119 119 119 119 119 119 119 119 121 121 121 121 122 122 122 122 123 123 123 123 126 126 126 126 118 118 118 118 114 114 114 114 112 112 112 112 104 104 104 104 104 104 104 104 104 104 104 104 106 106 106 106 113 113 113 113 116 116 116 116 116 116 116 116 116 116 116 116 116 116 116 116 116 116 116 116 116 116 116 116 
121 121 121 121 121 121 121 121 119 119 119 119 119 119 119 119 121 121 121 121 122 122 122 122 123 123 123 123 126 126 126 126 115 115 115 115 111 111 111 111 109 109 109 109 108 108 108 108 108 108 108 108 108 108 108 108 102 102 102 102 111 111 111 111 116 116 116 116 116 116 116 116 116 116 116 116 116 116 116 116 116 116 116 116 116 116 116 116 
119 119 119 119 119 119 119 119 121 121 121 121 121 121 121 121 121 121 121 121 121 121 121 121 124 124 124 124 117 115 110 107 114 112 107 105 106 106 106 106 111 111 111 111 111 111 111 111 111 111 111 111 111 111 111 111 104 104 104 104 109 109 109 109 116 116 116 116 116 116 116 116 118 118 118 118 118 118 118 118 117 117 117 117 116 116 116 116 
119 119 119 119 119 119 119 119 121 121 121 121 121 121 121 121 121 121 121 121 121 121 121 121 122 122 122 122 115 112 107 105 106 105 103 102 108 108 108 108 111 111 111 111 111 111 111 111 111 111 111 111 111 111 111 111 104 104 104 104 109 109 109 109 116 116 116 116 116 116 116 116 118 118 118 118 118 118 118 118 117 117 117 117 116 116 116 116 
119 119 119 119 119 119 119 119 121 121 121 121 121 121 121 121 121 121 121 121 121 121 121 121 117 117 117 117 110 107 102 100 102 103 105 106 111 111 111 111 111 111 111 111 111 111 111 111 111 111 111 111 111 111 111 111 104 104 104 104 109 109 109 109 116 116 116 116 116 116 116 116 118 118 118 118 118 118 118 118 117 117 117 117 116 116 116 116 
119 119 119 119 119 119 119 119 121 121 121 121 121 121 121 121 121 121 121 121 121 121 121 121 114 114 114 114 107 105 100  97 105 107 112 114 113 113 113 113 111 111 111 111 111 111 111 111 111 111 111 111 111 111 111 111 104 104 104 104 109 109 109 109 116 116 116 116 116 116 116 116 118 118 118 118 118 118 118 118 117 117 117 117 116 116 116 116 
123 123 123 123 123 123 123 123 121 121 121 121 119 119 119 119 121 121 121 121 121 121 121 121 116 114 109 106 102 105 110 112 113 113 113 113 112 112 112 112 116 116 116 116 116 116 116 116 116 116 116 116 116 116 116 116 114 114 114 114 111 111 111 111 116 116 116 116 116 116 116 116 118 118 118 118 118 118 118 118 118 118 118 118 117 117 117 117 
123 123 123 123 123 123 123 123 121 121 121 121 119 119 119 119 121 121 121 121 121 121 121 121 116 114 109 106 102 105 110 112 113 113 113 113 112 112 112 112 116 116 116 116 116 116 116 116 116 116 116 116 116 116 116 116 114 114 114 114 111 111 111 111 116 116 116 116 116 116 116 116 118 118 118 118 118 118 118 118 118 118 118 118 117 117 117 117 
123 123 123 123 123 123 123 123 121 121 121 121 119 119 119 119 121 121 121 121 121 121 121 121 116 114 109 106 102 105 110 112 113 113 113 113 112 112 112 112 116 116 116 116 116 116 116 116 116 116 116 116 116 116 116 116 114 114 114 114 111 111 111 111 116 116 116 116 116 116 116 116 118 118 118 118 118 118 118 118 118 118 118 118 117 117 117 117 
123 123 123 123 123 123 123 123 121 121 121 121 119 119 119 119 121 121 121 121 121 121 121 121 116 114 109 106 102 105 110 112 113 113 113 113 112 112 112 112 116 116 116 116 116 116 116 116 116 116 116 116 116 116 116 116 114 114 114 114 111 111 111 111 116 116 116 116 116 116 116 116 118 118 118 118 118 118 118 118 118 118 118 118 117 117 117 117 
121 121 121 121 121 121 121 121 119 119 119 119 117 117 117 117 121 121 121 121 119 119 119 119 117 116 114 113 114 114 118 119 115 115 115 115 116 116 116 116 116 116 116 116 116 116 116 116 116 116 116 116 116 116 116 116 118 118 118 118 114 114 114 114 116 116 116 116 116 116 116 116 116 116 116 116 116 116 116 116 117 117 117 117 117 117 117 117 
121 121 121 121 121 121 121 121 119 119 119 119 117 117 117 117 121 121 121 121 119 119 119 119 116 115 114 112 113 114 118 118 115 115 115 115 116 116 116 116 116 116 116 116 116 116 116 116 116 116 116 116 116 116 116 116 118 118 118 118 114 114 114 114 116 116 116 116 116 116 116 116 116 116 116 116 116 116 116 116 117 117 117 117 117 117 117 117 
121 121 121 121 121 121 121 121 119 119 119 119 117 117 117 117 121 121 121 121 119 119 119 119 116 115 113 112 113 113 117 118 115 115 115 115 116 116 116 116 116 116 116 116 116 116 116 116 116 116 116 116 116 116 116 116 118 118 118 118 114 114 114 114 116 116 116 116 116 116 116 116 116 116 116 116 116 116 116 116 117 117 117 117 117 117 117 117 
121 121 121 121 121 121 121 121 119 119 119 119 117 117 117 117 121 121 121 121 119 119 119 119 115 114 113 112 112 113 117 117 115 115 115 115 116 116 116 116 116 116 116 116 116 116 116 116 116 116 116 116 116 116 116 116 118 118 118 118 114 114 114 114 116 116 116 116 116 116 116 116 116 116 116 116 116 116 116 116 117 117 117 117 117 117 117 117 
121 121 121 121 121 121 121 121 119 119 119 119 118 118 118 118 120 120 120 120 117 117 117 117 118 117 115 114 116 116 119 121 117 117 117 117 116 116 116 116 116 116 116 116 116 116 116 116 116 116 116 116 116 116 116 116 119 119 119 119 116 116 116 116 116 116 116 116 116 116 116 116 116 116 116 116 116 116 116 116 116 116 116 116 116 116 116 116 
121 121 121 121 121 121 121 121 119 119 119 119 118 118 118 118 120 120 120 120 117 117 117 117 118 116 115 114 115 116 119 120 117 117 117 117 116 116 116 116 116 116 116 116 116 116 116 116 116 116 116 116 116 116 116 116 119 119 119 119 116 116 116 116 116 116 116 116 116 116 116 116 116 116 116 116 116 116 116 116 116 116 116 116 116 116 116 116 
121 121 121 121 121 121 121 121 119 119 119 119 118 118 118 118 120 120 120 120 117 117 117 117 117 116 114 113 115 115 118 120 117 117 117 117 116 116 116 116 116 116 116 116 116 116 116 116 116 116 116 116 116 116 116 116 119 119 119 119 116 116 116 116 116 116 116 116 116 116 116 116 116 116 116 116 116 116 116 116 116 116 116 116 116 116 116 116 
121 121 121 121 121 121 121 121 119 119 119 119 118 118 118 118 120 120 120 120 117 117 117 117 117 115 114 113 114 115 118 119 117 117 117 117 116 116 116 116 116 116 116 116 116 116 116 116 116 116 116 116 116 116 116 116 119 119 119 119 116 116 116 116 116 116 116 116 116 116 116 116 116 116 116 116 116 116 116 116 116 116 116 116 116 116 116 116 
123 123 123 123 119 119 119 119 119 119 119 119 118 118 118 118 121 121 121 121 119 119 119 119 121 119 118 117 114 115 118 119 117 117 117 117 114 114 114 114 114 114 114 114 114 114 114 114 115 115 115 115 116 116 116 116 117 117 117 117 114 114 114 114 116 116 116 116 116 116 116 116 116 116 116 116 116 116 116 116 116 116 116 116 116 116 116 116 
123 123 123 123 119 119 119 119 119 119 119 119 118 118 118 118 121 121 121 121 119 119 119 119 121 119 118 117 114 115 118 119 117 117 117 117 114 114 114 114 114 114 114 114 114 114 114 114 115 115 115 115 116 116 116 116 117 117 117 117 114 114 114 114 116 116 116 116 116 116 116 116 116 116 116 116 116 116 116 116 116 116 116 116 116 116 116 116 
123 123 123 123 119 119 119 119 119 119 119 119 118 118 118 118 121 121 121 121 119 119 119 119 121 119 118 117 114 115 118 119 117 117 117 117 114 114 114 114 114 114 114 114 114 114 114 114 115 115 115 115 116 116 116 116 117 117 117 117 114 114 114 114 116 116 116 116 116 116 116 116 116 116 116 116 116 116 116 116 116 116 116 116 116 116 116 116 
123 123 123 123 119 119 119 119 119 119 119 119 118 118 118 118 121 121 121 121 119 119 119 119 121 119 118 117 114 115 118 119 117 117 117 117 114 114 114 114 114 114 114 114 114 114 114 114 115 115 115 115 116 116 116 116 117 117 117 117 114 114 114 114 116 116 116 116 116 116 116 116 116 116 116 116 116 116 116 116 116 116 116 116 116 116 116 116 
123 123 123 123 119 119 119 119 119 119 119 119 118 118 118 118 120 120 120 120 119 119 119 119 121 119 118 117 114 115 118 119 117 117 117 117 114 114 114 114 114 114 114 114 114 114 114 114 114 114 114 114 115 115 115 115 117 117 117 117 114 114 114 114 116 116 116 116 116 116 116 116 116 116 116 116 116 116 116 116 116 116 116 116 116 116 116 116 
123 123 123 123 119 119 119 119 119 119 119 119 118 118 118 118 120 120 120 120 119 119 119 119 121 119 118 117 114 115 118 119 117 117 117 117 114 114 114 114 114 114 114 114 114 114 114 114 114 114 114 114 115 115 115 115 117 117 117 117 114 114 114 114 116 116 116 116 116 116 116 116 116 116 116 116 116 116 116 116 116 116 116 116 116 116 116 116 
123 123 123 123 119 119 119 119 119 119 119 119 118 118 118 118 120 120 120 120 119 119 119 119 121 119 118 117 114 115 118 119 117 117 117 117 114 114 114 114 114 114 114 114 114 114 114 114 114 114 114 114 115 115 115 115 117 117 117 117 114 114 114 114 116 116 116 116 116 116 116 116 116 116 116 116 116 116 116 116 116 116 116 116 116 116 116 116 
123 123 123 123 119 119 119 119 119 119 119 119 118 118 118 118 120 120 120 120 119 119 119 119 121 119 118 117 114 115 118 119 117 117 117 117 114 114 114 114 114 114 114 114 114 114 114 114 114 114 114 114 115 115 115 115 117 117 117 117 114 114 114 114 116 116 116 116 116 116 116 116 116 116 116 116 116 116 116 116 116 116 116 116 116 116 116 116 
125 125 125 125 121 121 121 121 120 120 120 120 118 118 118 118 119 119 119 119 119 119 119 119 121 119 118 117 114 115 118 119 117 117 117 117 114 114 114 114 116 116 116 116 116 116 116 116 115 115 115 115 115 115 115 115 115 115 115 115 112 112 112 112 113 113 113 113 113 113 113 113 114 114 114 114 116 116 116 116 116 116 116 116 116 116 116 116 
125 125 125 125 121 121 121 121 120 120 120 120 118 118 118 118 119 119 119 119 119 119 119 119 121 119 118 117 114 115 118 119 117 117 117 117 114 114 114 114 116 116 116 116 116 116 116 116 115 115 115 115 115 115 115 115 115 115 115 115 112 112 112 112 113 113 113 113 113 113 113 113 114 114 114 114 116 116 116 116 116 116 116 116 116 116 116 116 
125 125 125 125 121 121 121 121 120 120 120 120 118 118 118 118 119 119 119 119 119 119 119 119 121 119 118 117 114 115 118 119 117 117 117 117 114 114 114 114 116 116 116 116 116 116 116 116 115 115 115 115 115 115 115 115 115 115 115 115 112 112 112 112 113 113 113 113 113 113 113 113 114 114 114 114 116 116 116 116 116 116 116 116 116 116 116 116 
125 125 125 125 121 121 121 121 120 120 120 120 118 118 118 118 119 119 119 119 119 119 119 119 121 119 118 117 114 115 118 119 117 117 117 117 114 114 114 114 116 116 116 116 116 116 116 116 115 115 115 115 115 115 115 115 115 115 115 115 112 112 112 112 113 113 113 113 113 113 113 113 114 114 114 114 116 116 116 116 116 116 116 116 116 116 116 116 
125 125 125 125 121 121 121 121 121 121 121 121 119 119 119 119 119 119 119 119 119 119 119 119 121 119 118 117 114 115 118 119 117 117 117 117 114 114 114 114 116 116 116 116 116 116 116 116 116 116 116 116 115 115 115 115 115 115 115 115 112 112 112 112 113 113 113 113 113 113 113 113 113 113 113 113 114 114 114 114 114 114 114 114 114 114 114 114 
125 125 125 125 121 121 121 121 121 121 121 121 119 119 119 119 119 119 119 119 119 119 119 119 121 119 118 117 114 115 118 119 117 117 117 117 114 114 114 114 116 116 116 116 116 116 116 116 116 116 116 116 115 115 115 115 115 115 115 115 112 112 112 112 113 113 113 113 113 113 113 113 113 113 113 113 114 114 114 114 114 114 114 114 114 114 114 114 
125 125 125 125 121 121 121 121 121 121 121 121 119 119 119 119 119 119 119 119 119 119 119 119 121 119 118 117 114 115 118 119 117 117 117 117 114 114 114 114 116 116 116 116 116 116 116 116 116 116 116 116 115 115 115 115 115 115 115 115 112 112 112 112 113 113 113 113 113 113 113 113 113 113 113 113 114 114 114 114 114 114 114 114 114 114 114 114 
125 125 125 125 121 121 121 121 121 121 121 121 119 119 119 119 119 119 119 119 119 119 119 119 121 119 118 117 114 115 118 119 117 117 117 117 114 114 114 114 116 116 116 116 116 116 116 116 116 116 116 116 115 115 115 115 115 115 115 115 112 112 112 112 113 113 113 113 113 113 113 113 113 113 113 113 114 114 114 114 114 114 114 114 114 114 114 114 
125 125 125 125 121 121 121 121 121 121 121 121 119 119 119 119 119 119 119 119 119 119 119 119 120 120 120 120 117 119 122 124 130 127 121 118 116 116 116 116 109 109 109 109 114 114 114 114 111 111 111 111 111 111 111 111 115 115 115 115 112 112 112 112 113 113 113 113 113 113 113 113 113 113 113 113 113 113 113 113 113 113 113 113 113 113 113 113 
125 125 125 125 121 121 121 121 121 121 121 121 119 119 119 119 119 119 119 119 119 119 119 119 120 120 120 120 117 119 122 124 130 127 121 118 116 116 116 116 109 109 109 109 114 114 114 114 111 111 111 111 111 111 111 111 115 115 115 115 112 112 112 112 113 113 113 113 113 113 113 113 113 113 113 113 113 113 113 113 113 113 113 113 113 113 113 113 
125 125 125 125 121 121 121 121 121 121 121 121 119 119 119 119 119 119 119 119 119 119 119 119 120 120 120 120 117 119 122 124 130 127 121 118 116 116 116 116 109 109 109 109 114 114 114 114 111 111 111 111 111 111 111 111 115 115 115 115 112 112 112 112 113 113 113 113 113 113 113 113 113 113 113 113 113 113 113 113 113 113 113 113 113 113 113 113 
125 125 125 125 121 121 121 121 121 121 121 121 119 119 119 119 119 119 119 119 119 119 119 119 120 120 120 120 117 119 122 124 130 127 121 118 116 116 116 116 109 109 109 109 114 114 114 114 111 111 111 111 111 111 111 111 115 115 115 115 112 112 112 112 113 113 113 113 113 113 113 113 113 113 113 113 113 113 113 113 113 113 113 113 113 113 113 113 
125 125 125 125 121 121 121 121 121 121 121 121 120 120 120 120 120 120 120 120 119 119 119 119 120 120 120 120 120 120 120 120 128 128 128 128 115 115 115 115 114 114 114 114 109 109 109 109 109 109 109 109 112 112 112 112 115 115 115 115 112 112 112 112 113 113 113 113 113 113 113 113 113 113 113 113 113 113 113 113 113 113 113 113 113 113 113 113 
125 125 125 125 121 121 121 121 121 121 121 121 120 120 120 120 120 120 120 120 119 119 119 119 120 120 120 120 120 120 120 120 128 128 128 128 118 118 118 118 114 114 114 114 109 109 109 109 109 109 109 109 112 112 112 112 115 115 115 115 112 112 112 112 113 113 113 113 113 113 113 113 113 113 113 113 113 113 113 113 113 113 113 113 113 113 113 113 
125 125 125 125 121 121 121 121 121 121 121 121 120 120 120 120 120 120 120 120 119 119 119 119 120 120 120 120 120 120 120 120 128 128 128 128 124 124 124 124 114 114 114 114 109 109 109 109 109 109 109 109 112 112 112 112 115 115 115 115 112 112 112 112 113 113 113 113 113 113 113 113 113 113 113 113 113 113 113 113 113 113 113 113 113 113 113 113 
125 125 125 125 121 121 121 121 121 121 121 121 120 120 120 120 120 120 120 120 119 119 119 119 120 120 120 120 120 120 120 120 128 128 128 128 127 127 127 127 114 114 114 114 109 109 109 109 109 109 109 109 112 112 112 112 115 115 115 115 112 112 112 112 113 113 113 113 113 113 113 113 113 113 113 113 113 113 113 113 113 113 113 113 113 113 113 113 
127 127 127 127 123 123 123 123 122 122 122 122 120 120 120 120 120 120 120 120 119 119 119 119 118 118 118 118 118 121 125 127 129 129 129 129 133 131 127 124 121 121 121 121 114 114 114 114 113 113 113 113 114 114 114 114 120 122 127 129 125 122 118 116 113 113 113 113 113 113 113 113 111 111 111 111 111 111 111 111 113 113 113 113 109 109 109 109 
127 127 127 127 123 123 123 123 122 122 122 122 120 120 120 120 120 120 120 120 119 119 119 119 119 119 119 119 118 121 125 127 129 129 129 129 133 131 127 124 121 121 121 121 114 114 114 114 113 113 113 113 114 114 114 114 120 122 127 129 127 125 120 118 113 113 113 113 113 113 113 113 111 111 111 111 111 111 111 111 113 113 113 113 109 109 109 109 
127 127 127 127 123 123 123 123 122 122 122 122 120 120 120 120 120 120 120 120 119 119 119 119 119 119 119 119 118 121 125 127 129 129 129 129 133 131 127 124 121 121 121 121 114 114 114 114 113 113 113 113 114 114 114 114 120 122 127 129 131 129 125 122 113 113 113 113 113 113 113 113 111 111 111 111 111 111 111 111 113 113 113 113 109 109 109 109 
127 127 127 127 123 123 123 123 122 122 122 122 120 120 120 120 120 120 120 120 119 119 119 119 119 119 119 120 119 122 126 128 129 129 129 129 133 131 127 124 121 121 121 121 114 114 114 114 113 113 113 113 114 114 114 114 120 122 127 129 134 131 127 125 113 113 113 113 113 113 113 113 111 111 111 111 111 111 111 111 113 113 113 113 109 109 109 109 
127 127 127 127 123 123 123 123 123 123 123 123 121 121 121 121 121 121 121 121 117 117 117 117 119 119 119 119 127 127 127 127 130 130 130 130 129 129 129 129 128 126 122 119 117 117 117 117 115 115 115 115 112 112 112 112 115 117 121 124 126 126 126 126 118 115 111 109 113 113 113 113 115 115 115 115 112 112 112 112 111 111 111 111 116 116 116 116 
127 127 127 127 123 123 123 123 123 123 123 123 121 121 121 121 121 121 121 121 118 118 118 118 122 122 122 122 127 127 127 127 130 130 130 130 129 129 129 129 128 126 122 119 117 117 117 117 115 115 115 115 112 112 112 112 115 117 121 124 126 126 126 126 118 115 111 109 113 113 113 113 115 115 115 115 110 110 110 110 116 112 103  98 116 116 116 116 
127 127 127 127 123 123 123 123 123 123 123 123 121 121 121 121 121 121 121 121 122 122 122 122 126 126 126 127 128 128 128 128 130 130 130 130 129 129 129 129 128 126 122 119 117 117 117 117 115 115 115 115 112 112 112 112 115 117 121 124 126 126 126 126 118 115 111 109 113 113 113 113 115 115 115 115 106 106 106 106 108 103  94  90 103 103 103 103 
127 127 127 127 123 123 123 123 123 123 123 123 121 121 121 121 121 121 121 121 123 123 123 123 129 129 129 129 128 128 128 128 130 130 130 130 129 129 129 129 128 126 122 119 117 117 117 117 115 115 115 115 112 112 112 112 115 117 121 124 126 126 126 126 118 115 111 109 113 113 113 113 115 115 115 115 103 103 103 103  93  93  93  93  89  89  89  89 
