135 111 110 104 105 105 105 105 103 105 109 111 128 128 128 128 131 131 131 131 131 131 131 131 131 131 131 131 131 131 131 131 133 133 133 133 133 133 133 133 131 131 131 131 131 131 131 131 131 131 131 131 131 131 131 131 131 131 131 131 131 131 131 131 131 131 131 131 131 131 131 131 131 131 131 131 131 131 131 131 133 133 133 133 133 133 133 133 
111  88  91  86  87  87  87  87  92  94  98 100 128 128 128 128 131 131 131 131 131 131 131 131 131 131 131 131 131 131 131 131 133 133 133 133 133 133 133 133 131 131 131 131 131 131 131 131 131 131 131 131 131 131 131 131 131 131 131 131 131 131 131 131 131 131 131 131 131 131 131 131 131 131 131 131 131 131 131 131 133 133 133 133 133 133 133 133 
127 108 117 117 115 115 115 115 116 118 122 124 128 128 128 128 131 131 131 131 131 131 131 131 131 131 131 131 131 131 131 131 133 133 133 133 133 133 133 133 131 131 131 131 131 131 131 131 131 131 131 131 131 131 131 131 131 131 131 131 131 131 131 131 131 131 131 131 131 131 131 131 131 131 131 131 131 131 131 131 133 133 133 133 133 133 133 133 
138 121 134 135 133 133 133 133 131 133 137 139 128 128 128 128 131 131 131 131 131 131 131 131 131 131 131 131 131 131 131 131 133 133 133 133 133 133 133 133 131 131 131 131 131 131 131 131 131 131 131 131 131 131 131 131 131 131 131 131 131 131 131 131 131 131 131 131 131 131 131 131 131 131 131 131 131 131 131 131 133 133 133 133 133 133 133 133 
128 128 128 128 133 133 133 133 131 131 131 131 131 131 131 131 131 131 131 131 131 131 131 131 131 131 131 131 131 131 131 131 129 129 129 129 129 129 129 129 127 127 127 127 127 127 127 127 127 127 127 127 127 127 127 127 132 132 132 132 132 132 132 132 132 132 132 132 132 132 132 132 132 132 132 132 132 132 132 132 134 134 134 134 134 134 134 134 
128 128 128 128 133 133 133 133 131 131 131 131 131 131 131 131 131 131 131 131 131 131 131 131 131 131 131 131 131 131 131 131 129 129 129 129 129 129 129 129 127 127 127 127 127 127 127 127 127 127 127 127 127 127 127 127 132 132 132 132 132 132 132 132 132 132 132 132 132 132 132 132 132 132 132 132 132 132 132 132 134 134 134 134 134 134 134 134 
128 128 128 128 133 133 133 133 131 131 131 131 131 131 131 131 131 131 131 131 131 131 131 131 131 131 131 131 131 131 131 131 129 129 129 129 129 129 129 129 127 127 127 127 127 127 127 127 127 127 127 127 127 127 127 127 132 132 132 132 132 132 132 132 132 132 132 132 132 132 132 132 132 132 132 132 132 132 132 132 134 134 134 134 134 134 134 134 
128 128 128 128 133 133 133 133 131 131 131 131 131 131 131 131 131 131 131 131 131 131 131 131 131 131 131 131 131 131 131 131 129 129 129 129 129 129 129 129 127 127 127 127 127 127 127 127 127 127 127 127 127 127 127 127 132 132 132 132 132 132 132 132 132 132 132 132 132 132 132 132 132 132 132 132 132 132 132 132 134 134 134 134 134 134 134 134 
133 133 133 133 133 133 133 133 132 132 132 132 131 131 131 131 131 131 131 131 131 131 131 131 130 130 130 130 130 130 130 130 128 128 128 128 128 128 128 128 128 128 128 128 128 128 128 128 128 128 128 128 128 128 128 128 130 130 130 130 132 132 132 132 132 132 132 132 132 132 132 132 132 132 132 132 132 132 132 132 133 133 133 133 134 134 134 134 
133 133 133 133 133 133 133 133 132 132 132 132 131 131 131 131 131 131 131 131 131 131 131 131 130 130 130 130 130 130 130 130 128 128 128 128 128 128 128 128 128 128 128 128 128 128 128 128 128 128 128 128 128 128 128 128 130 130 130 130 132 132 132 132 132 132 132 132 132 132 132 132 132 132 132 132 132 132 132 132 133 133 133 133 134 134 134 134 
133 133 133 133 133 133 133 133 132 132 132 132 131 131 131 131 131 131 131 131 131 131 131 131 130 130 130 130 130 130 130 130 128 128 128 128 128 128 128 128 128 128 128 128 128 128 128 128 128 128 128 128 128 128 128 128 130 130 130 130 132 132 132 132 132 132 132 132 132 132 132 132 132 132 132 132 132 132 132 132 133 133 133 133 134 134 134 134 
133 133 133 133 133 133 133 133 132 132 132 132 131 131 131 131 131 131 131 131 131 131 131 131 130 130 130 130 130 130 130 130 128 128 128 128 128 128 128 128 128 128 128 128 128 128 128 128 128 128 128 128 128 128 128 128 130 130 130 130 132 132 132 132 132 132 132 132 132 132 132 132 132 132 132 132 132 132 132 132 133 133 133 133 134 134 134 134 
133 133 133 133 133 133 133 133 133 133 133 133 132 132 132 132 132 132 132 132 131 131 131 131 130 130 130 130 130 130 130 130 127 127 127 127 126 126 126 126 127 127 127 127 127 127 127 127 127 127 127 127 127 127 127 127 127 127 127 127 129 129 129 129 132 132 132 132 132 132 132 132 132 132 132 132 132 132 132 132 132 132 132 132 133 133 133 133 
133 133 133 133 133 133 133 133 133 133 133 133 132 132 132 132 132 132 132 132 131 131 131 131 130 130 130 130 130 130 130 130 127 127 127 127 126 126 126 126 127 127 127 127 127 127 127 127 127 127 127 127 127 127 127 127 127 127 127 127 129 129 129 129 132 132 132 132 132 132 132 132 132 132 132 132 132 132 132 132 132 132 132 132 133 133 133 133 
133 133 133 133 133 133 133 133 133 133 133 133 132 132 132 132 132 132 132 132 131 131 131 131 130 130 130 130 130 130 130 130 127 127 127 127 126 126 126 126 127 127 127 127 127 127 127 127 127 127 127 127 127 127 127 127 127 127 127 127 129 129 129 129 132 132 132 132 132 132 132 132 132 132 132 132 132 132 132 132 132 132 132 132 133 133 133 133 
133 133 133 133 133 133 133 133 133 133 133 133 132 132 132 132 132 132 132 132 131 131 131 131 130 130 130 130 130 130 130 130 127 127 127 127 126 126 126 126 127 127 127 127 127 127 127 127 127 127 127 127 127 127 127 127 127 127 127 127 129 129 129 129 132 132 132 132 132 132 132 132 132 132 132 132 132 132 132 132 132 132 132 132 133 133 133 133 
131 131 131 131 131 131 131 131 131 131 131 131 131 131 131 131 131 131 131 131 131 131 131 131 130 130 130 130 130 130 130 130 128 128 128 128 126 126 126 126 126 126 126 126 126 126 126 126 126 126 126 126 126 126 126 126 126 126 126 126 126 126 126 126 129 129 129 129 132 132 132 132 132 132 132 132 132 132 132 132 132 132 132 132 133 133 133 133 
131 131 131 131 131 131 131 131 131 131 131 131 131 131 131 131 131 131 131 131 131 131 131 131 130 130 130 130 130 130 130 130 128 128 128 128 126 126 126 126 126 126 126 126 126 126 126 126 126 126 126 126 126 126 126 126 126 126 126 126 126 126 126 126 129 129 129 129 132 132 132 132 132 132 132 132 132 132 132 132 132 132 132 132 133 133 133 133 
131 131 131 131 131 131 131 131 131 131 131 131 131 131 131 131 131 131 131 131 131 131 131 131 130 130 130 130 130 130 130 130 128 128 128 128 126 126 126 126 126 126 126 126 126 126 126 126 126 126 126 126 126 126 126 126 126 126 126 126 126 126 126 126 129 129 129 129 132 132 132 132 132 132 132 132 132 132 132 132 132 132 132 132 133 133 133 133 
131 131 131 131 131 131 131 131 131 131 131 131 131 131 131 131 131 131 131 131 131 131 131 131 130 130 130 130 130 130 130 130 128 128 128 128 126 126 126 126 126 126 126 126 126 126 126 126 126 126 126 126 126 126 126 126 126 126 126 126 126 126 126 126 129 129 129 129 132 132 132 132 132 132 132 132 132 132 132 132 132 132 132 132 133 133 133 133 
131 131 131 131 131 131 131 131 131 131 131 131 131 131 131 131 131 131 131 131 131 131 131 131 130 130 130 130 130 130 130 130 129 129 129 129 127 127 127 127 127 127 127 127 127 127 127 127 127 127 127 127 127 127 127 127 127 127 127 127 127 127 127 127 132 132 132 132 132 132 132 132 132 132 132 132 132 132 132 132 132 132 132 132 132 132 132 132 
131 131 131 131 131 131 131 131 131 131 131 131 131 131 131 131 131 131 131 131 131 131 131 131 130 130 130 130 130 130 130 130 132 132 132 132 130 130 130 130 130 130 130 130 130 130 130 130 130 130 130 130 130 130 130 130 130 130 130 130 130 130 130 130 132 132 132 132 132 132 132 132 132 132 132 132 132 132 132 132 132 132 132 132 132 132 132 132 
131 131 131 131 131 131 131 131 131 131 131 131 131 131 131 131 131 131 131 131 131 131 131 131 130 130 130 130 130 130 130 130 137 137 137 137 135 135 135 135 135 135 135 135 135 135 135 135 135 135 135 135 135 135 135 135 135 135 135 135 135 135 135 135 132 132 132 132 132 132 132 132 132 132 132 132 132 132 132 132 132 132 132 132 132 132 132 132 
131 131 131 131 131 131 131 131 131 131 131 131 131 131 131 131 131 131 131 131 131 131 131 131 130 130 130 130 130 130 130 130 139 139 139 139 137 137 137 137 137 137 137 137 137 137 137 137 137 137 137 137 137 137 137 137 137 137 137 137 137 137 137 137 132 132 132 132 132 132 132 132 132 132 132 132 132 132 132 132 132 132 132 132 132 132 132 132 
131 131 131 131 131 131 131 131 131 131 131 131 131 131 131 131 131 131 131 131 131 131 131 131 133 133 133 133 127 130 135 137 143 143 143 143 140 140 140 140 141 141 141 141 141 141 141 141 142 142 142 142 142 142 142 142 141 141 141 141 139 139 139 139 132 132 132 132 132 132 132 132 132 132 132 132 132 132 132 132 132 132 132 132 132 132 132 132 
131 131 131 131 131 131 131 131 131 131 131 131 131 131 131 131 131 131 131 131 131 131 131 131 133 133 133 133 130 132 137 140 143 143 143 143 140 140 140 140 141 141 141 141 141 141 141 141 142 142 142 142 142 142 142 142 141 141 141 141 139 139 139 139 132 132 132 132 132 132 132 132 132 132 132 132 132 132 132 132 132 132 132 132 132 132 132 132 
131 131 131 131 131 131 131 131 131 131 131 131 131 131 131 131 131 131 131 131 131 131 131 131 133 133 133 133 135 137 142 145 143 143 143 143 140 140 140 140 141 141 141 141 141 141 141 141 142 142 142 142 142 142 142 142 141 141 141 141 139 139 139 139 132 132 132 132 132 132 132 132 132 132 132 132 132 132 132 132 132 132 132 132 132 132 132 132 
131 131 131 131 131 131 131 131 131 131 131 131 131 131 131 131 131 131 131 131 131 131 131 131 133 133 133 133 137 140 145 147 143 143 143 143 140 140 140 140 141 141 141 141 141 141 141 141 142 142 142 142 142 142 142 142 141 141 141 141 139 139 139 139 132 132 132 132 132 132 132 132 132 132 132 132 132 132 132 132 132 132 132 132 132 132 132 132 
131 131 131 131 131 131 131 131 131 131 131 131 131 131 131 131 131 131 131 131 131 131 131 131 137 137 137 137 141 141 141 141 141 141 141 141 139 139 139 139 140 140 140 140 140 140 140 140 141 141 141 141 141 141 141 141 139 139 139 139 137 137 137 137 132 132 132 132 132 132 132 132 132 132 132 132 132 132 132 132 132 132 132 132 132 132 132 132 
131 131 131 131 131 131 131 131 131 131 131 131 131 131 131 131 131 131 131 131 131 131 131 131 137 137 137 137 141 141 141 141 141 141 141 141 139 139 139 139 140 140 140 140 140 140 140 140 141 141 141 141 141 141 141 141 139 139 139 139 137 137 137 137 132 132 132 132 132 132 132 132 132 132 132 132 132 132 132 132 132 132 132 132 132 132 132 132 
131 131 131 131 131 131 131 131 131 131 131 131 131 131 131 131 131 131 131 131 131 131 131 131 137 137 137 137 141 141 141 141 141 141 141 141 139 139 139 139 140 140 140 140 140 140 140 140 141 141 141 141 141 141 141 141 139 139 139 139 137 137 137 137 132 132 132 132 132 132 132 132 132 132 132 132 132 132 132 132 132 132 132 132 132 132 132 132 
131 131 131 131 131 131 131 131 131 131 131 131 131 131 131 131 131 131 131 131 131 131 131 131 137 137 137 137 141 141 141 141 141 141 141 141 139 139 139 139 140 140 140 140 140 140 140 140 141 141 141 141 141 141 141 141 139 139 139 139 137 137 137 137 132 132 132 132 132 132 132 132 132 132 132 132 132 132 132 132 132 132 132 132 132 132 132 132 
131 131 131 131 131 131 131 131 131 131 131 131 131 131 131 131 131 131 131 131 131 131 131 131 133 134 135 136 137 138 139 140 140 140 140 140 139 139 139 139 141 141 141 141 142 142 142 142 141 141 141 141 141 141 141 141 140 140 140 140 132 132 132 132 131 131 131 131 131 131 131 131 131 131 131 131 131 131 131 131 129 129 129 129 130 130 130 130 
131 131 131 131 131 131 131 131 131 131 131 131 131 131 131 131 131 131 131 131 131 131 131 131 133 134 135 136 137 138 139 140 140 140 140 140 139 139 139 139 141 141 141 141 142 142 142 142 141 141 141 141 141 141 141 141 140 140 140 140 132 132 132 132 131 131 131 131 131 131 131 131 131 131 131 131 131 131 131 131 129 129 129 129 130 130 130 130 
131 131 131 131 131 131 131 131 131 131 131 131 131 131 131 131 131 131 131 131 131 131 131 131 133 134 135 136 137 138 139 140 140 140 140 140 139 139 139 139 141 141 141 141 142 142 142 142 141 141 141 141 141 141 141 141 140 140 140 140 132 132 132 132 131 131 131 131 131 131 131 131 131 131 131 131 131 131 131 131 129 129 129 129 130 130 130 130 
131 131 131 131 131 131 131 131 131 131 131 131 131 131 131 131 131 131 131 131 131 131 131 131 133 134 135 136 137 138 139 140 140 140 140 140 139 139 139 139 141 141 141 141 142 142 142 142 141 141 141 141 141 141 141 141 140 140 140 140 132 132 132 132 131 131 131 131 131 131 131 131 131 131 131 131 131 131 131 131 129 129 129 129 130 130 130 130 
131 131 131 131 131 131 131 131 131 131 131 131 131 131 131 131 131 131 131 131 131 131 131 131 129 132 137 141 137 138 139 140 140 140 140 140 139 139 139 139 141 141 141 141 141 141 141 141 141 141 141 141 141 141 141 141 141 141 141 141 134 134 134 134 131 131 131 131 131 131 131 131 131 131 131 131 131 131 131 131 129 129 129 129 129 129 129 129 
131 131 131 131 131 131 131 131 131 131 131 131 131 131 131 131 131 131 131 131 131 131 131 131 129 132 137 141 137 138 139 140 140 140 140 140 139 139 139 139 141 141 141 141 141 141 141 141 141 141 141 141 141 141 141 141 141 141 141 141 134 134 134 134 131 131 131 131 131 131 131 131 131 131 131 131 131 131 131 131 129 129 129 129 129 129 129 129 
131 131 131 131 131 131 131 131 131 131 131 131 131 131 131 131 131 131 131 131 131 131 131 131 129 132 137 141 137 138 139 140 140 140 140 140 139 139 139 139 141 141 141 141 141 141 141 141 141 141 141 141 141 141 141 141 141 141 141 141 134 134 134 134 131 131 131 131 131 131 131 131 131 131 131 131 131 131 131 131 129 129 129 129 129 129 129 129 
131 131 131 131 131 131 131 131 131 131 131 131 131 131 131 131 131 131 131 131 131 131 131 131 129 132 137 141 137 138 139 140 140 140 140 140 139 139 139 139 141 141 141 141 141 141 141 141 141 141 141 141 141 141 141 141 141 141 141 141 134 134 134 134 131 131 131 131 131 131 131 131 131 131 131 131 131 131 131 131 129 129 129 129 129 129 129 129 
131 131 131 131 131 131 131 131 131 131 131 131 131 131 131 131 131 131 131 131 131 131 131 131 129 132 137 141 146 145 141 139 142 142 142 142 143 143 143 143 144 144 144 144 144 144 144 144 149 147 142 139 143 143 143 143 139 139 139 139 132 132 132 132 131 131 131 131 131 131 131 131 131 131 131 131 131 131 131 131 130 130 130 130 129 129 129 129 
131 131 131 131 131 131 131 131 131 131 131 131 131 131 131 131 131 131 131 131 131 131 131 131 129 132 137 141 146 145 141 139 142 142 142 142 143 143 143 143 144 144 144 144 144 144 144 144 149 147 142 139 143 143 143 143 139 139 139 139 132 132 132 132 131 131 131 131 131 131 131 131 131 131 131 131 131 131 131 131 130 130 130 130 129 129 129 129 
131 131 131 131 131 131 131 131 131 131 131 131 131 131 131 131 131 131 131 131 131 131 131 131 129 132 137 141 146 145 141 139 142 142 142 142 143 143 143 143 144 144 144 144 144 144 144 144 149 147 142 139 143 143 143 143 139 139 139 139 132 132 132 132 131 131 131 131 131 131 131 131 131 131 131 131 131 131 131 131 130 130 130 130 129 129 129 129 
131 131 131 131 131 131 131 131 131 131 131 131 131 131 131 131 131 131 131 131 131 131 131 131 129 132 137 141 146 145 141 139 142 142 142 142 143 143 143 143 144 144 144 144 144 144 144 144 149 147 142 139 143 143 143 143 139 139 139 139 132 132 132 132 131 131 131 131 131 131 131 131 131 131 131 131 131 131 131 131 130 130 130 130 129 129 129 129 
131 131 131 131 131 131 131 131 131 131 131 131 131 131 131 131 131 131 131 131 131 131 131 131 134 135 135 136 141 142 143 144 142 142 142 142 143 143 143 143 144 144 144 144 144 144 144 144 146 146 146 146 144 144 144 144 139 139 139 139 132 132 132 132 131 131 131 131 131 131 131 131 131 131 131 131 131 131 131 131 131 131 131 131 130 130 130 130 
131 131 131 131 131 131 131 131 131 131 131 131 131 131 131 131 131 131 131 131 131 131 131 131 134 135 135 136 141 142 143 144 142 142 142 142 143 143 143 143 144 144 144 144 144 144 144 144 146 146 146 146 144 144 144 144 139 139 139 139 132 132 132 132 131 131 131 131 131 131 131 131 131 131 131 131 131 131 131 131 131 131 131 131 130 130 130 130 
131 131 131 131 131 131 131 131 131 131 131 131 131 131 131 131 131 131 131 131 131 131 131 131 134 135 135 136 141 142 143 144 142 142 142 142 143 143 143 143 144 144 144 144 144 144 144 144 146 146 146 146 144 144 144 144 139 139 139 139 132 132 132 132 131 131 131 131 131 131 131 131 131 131 131 131 131 131 131 131 131 131 131 131 130 130 130 130 
131 131 131 131 131 131 131 131 131 131 131 131 131 131 131 131 131 131 131 131 131 131 131 131 134 135 135 136 141 142 143 144 142 142 142 142 143 143 143 143 144 144 144 144 144 144 144 144 146 146 146 146 144 144 144 144 139 139 139 139 132 132 132 132 131 131 131 131 131 131 131 131 131 131 131 131 131 131 131 131 131 131 131 131 130 130 130 130 
131 131 131 131 131 131 131 131 131 131 131 131 131 131 131 131 131 131 131 131 131 131 131 131 130 131 131 132 137 138 139 140 141 141 141 141 142 142 142 142 142 142 142 142 146 146 146 146 144 144 144 144 142 142 142 142 137 137 137 137 130 130 130 130 132 132 132 132 133 133 133 133 132 132 132 132 131 131 131 131 131 131 131 131 131 131 131 131 
131 131 131 131 131 131 131 131 131 131 131 131 131 131 131 131 131 131 131 131 131 131 131 131 130 131 131 132 137 138 139 140 141 141 141 141 142 142 142 142 142 142 142 142 146 146 146 146 144 144 144 144 142 142 142 142 137 137 137 137 130 130 130 130 132 132 132 132 133 133 133 133 132 132 132 132 131 131 131 131 131 131 131 131 131 131 131 131 
131 131 131 131 131 131 131 131 131 131 131 131 131 131 131 131 131 131 131 131 131 131 131 131 130 131 131 132 137 138 139 140 141 141 141 141 142 142 142 142 142 142 142 142 146 146 146 146 144 144 144 144 142 142 142 142 137 137 137 137 130 130 130 130 132 132 132 132 133 133 133 133 132 132 132 132 131 131 131 131 131 131 131 131 131 131 131 131 
131 131 131 131 131 131 131 131 131 131 131 131 131 131 131 131 131 131 131 131 131 131 131 131 130 131 131 132 137 138 139 140 141 141 141 141 142 142 142 142 142 142 142 142 146 146 146 146 144 144 144 144 142 142 142 142 137 137 137 137 130 130 130 130 132 132 132 132 133 133 133 133 132 132 132 132 131 131 131 131 131 131 131 131 131 131 131 131 
131 131 131 131 131 131 131 131 131 131 131 131 131 131 131 131 131 131 131 131 131 131 131 131 130 131 131 132 137 138 139 140 141 141 141 141 142 142 142 142 146 146 146 146 146 146 146 146 148 148 148 148 145 145 145 145 142 140 135 132 130 130 130 130 132 132 132 132 132 132 132 132 132 132 132 132 131 131 131 131 131 131 131 131 131 131 131 131 
131 131 131 131 131 131 131 131 131 131 131 131 131 131 131 131 131 131 131 131 131 131 131 131 130 131 131 132 137 138 139 140 141 141 141 141 142 142 142 142 146 146 146 146 154 154 154 154 148 148 148 148 145 145 145 145 142 140 135 132 130 130 130 130 132 132 132 132 132 132 132 132 132 132 132 132 131 131 131 131 131 131 131 131 131 131 131 131 
131 131 131 131 131 131 131 131 131 131 131 131 131 131 131 131 131 131 131 131 131 131 131 131 130 131 131 132 137 138 139 140 141 141 141 141 142 142 142 142 146 146 146 146 154 154 154 154 148 148 148 148 145 145 145 145 142 140 135 132 130 130 130 130 132 132 132 132 132 132 132 132 132 132 132 132 131 131 131 131 131 131 131 131 131 131 131 131 
131 131 131 131 131 131 131 131 131 131 131 131 131 131 131 131 131 131 131 131 131 131 131 131 130 131 131 132 137 138 139 140 141 141 141 141 142 142 142 142 146 146 146 146 146 146 146 146 148 148 148 148 145 145 145 145 142 140 135 132 130 130 130 130 132 132 132 132 132 132 132 132 132 132 132 132 131 131 131 131 131 131 131 131 131 131 131 131 
131 131 131 131 131 131 131 131 130 130 130 130 130 130 130 130 130 130 130 130 131 131 131 131 130 130 130 130 130 131 128 140 149 146 142 140 147 147 147 147 148 148 148 148 143 143 143 143 140 140 140 140 147 147 147 147 142 140 135 132 130 130 130 130 132 132 132 132 132 132 132 132 132 132 132 132 132 132 132 132 132 132 132 132 132 132 132 132 
131 131 131 131 131 131 131 131 130 130 130 130 130 130 130 130 130 130 130 130 131 131 131 131 130 130 130 130 130 131 128 140 155 151 143 139 147 147 147 147 148 148 148 148 145 145 145 145 143 143 143 143 147 147 147 147 142 140 135 132 130 130 130 130 132 132 132 132 132 132 132 132 132 132 132 132 132 132 132 132 132 132 132 132 132 132 132 132 
131 131 131 131 131 131 131 131 130 130 130 130 130 130 130 130 130 130 130 130 131 131 131 131 130 130 130 130 130 131 128 140 168 160 145 138 147 147 147 147 148 148 148 148 151 151 151 151 149 149 149 149 147 147 147 147 142 140 135 132 130 130 130 130 132 132 132 132 132 132 132 132 132 132 132 132 132 132 132 132 132 132 132 132 132 132 132 132 
131 131 131 131 131 131 131 131 130 130 130 130 130 130 130 130 130 130 130 130 131 131 131 131 130 130 130 130 130 131 128 140 175 165 146 137 147 147 147 147 148 148 148 148 154 154 154 154 152 152 152 152 147 147 147 147 142 140 135 132 130 130 130 130 132 132 132 132 132 132 132 132 132 132 132 132 132 132 132 132 132 132 132 132 132 132 132 132 
131 131 131 131 131 131 131 131 130 130 130 130 130 130 130 130 130 130 130 130 130 130 130 130 131 131 131 131 129 129 129 129 166 172 164 152 145 145 145 145 148 148 148 148 148 148 148 148 156 156 156 156 150 147 141 138 142 140 135 132 130 130 130 130 132 132 132 132 132 132 132 132 132 132 132 132 132 132 132 132 132 132 132 132 132 132 132 132 
131 131 131 131 131 131 131 131 130 130 130 130 130 130 130 130 130 130 130 130 130 130 130 130 131 131 131 131 129 129 129 129 163 170 166 155 148 148 148 148 148 148 148 148 148 148 148 148 153 153 153 153 150 147 141 138 142 140 135 132 130 130 130 130 132 132 132 132 132 132 132 132 132 132 132 132 132 132 132 132 132 132 132 132 132 132 132 132 
131 131 131 131 131 131 131 131 130 130 130 130 130 130 130 130 130 130 130 130 130 130 130 130 131 131 131 131 129 129 129 129 155 166 170 163 154 154 154 154 148 148 148 148 148 148 148 148 147 147 147 147 150 147 141 138 142 140 135 132 130 130 130 130 132 132 132 132 132 132 132 132 132 132 132 132 132 132 132 132 132 132 132 132 132 132 132 132 
131 131 131 131 131 131 131 131 130 130 130 130 130 130 130 130 130 130 130 130 130 130 130 130 131 131 131 131 129 129 129 129 152 164 172 166 157 157 157 157 148 148 148 148 148 148 148 148 145 145 145 145 150 147 141 138 142 140 135 132 130 130 130 130 132 132 132 132 132 132 132 132 132 132 132 132 132 132 132 132 132 132 132 132 132 132 132 132 
129 129 129 129 129 129 129 129 130 130 130 130 131 131 131 131 130 130 130 130 130 130 130 130 129 129 129 129 128 128 128 128 132 149 163 162 163 160 154 151 147 147 147 147 146 146 146 146 143 143 143 143 139 139 139 139 144 156 165 162 149 137 133 140 132 132 132 132 132 132 132 132 134 134 134 134 134 134 134 134 132 132 132 132 132 132 132 132 
129 129 129 129 129 129 129 129 130 130 130 130 131 131 131 131 130 130 130 130 130 130 130 130 129 129 129 128 128 128 128 127 122 137 157 163 160 158 156 154 147 147 147 147 146 146 146 146 143 143 143 143 139 139 139 139 144 156 165 162 162 151 137 135 132 132 132 132 132 132 132 132 134 134 134 134 134 134 134 134 132 132 132 132 132 132 132 132 
129 129 129 129 129 129 129 129 130 130 130 130 131 131 131 131 130 130 130 130 130 130 130 130 129 129 128 128 128 128 127 127 118 121 137 149 154 156 158 160 147 147 147 147 146 146 146 146 143 143 143 143 139 139 139 139 144 156 165 162 171 169 155 144 132 132 132 132 132 132 132 132 134 134 134 134 134 134 134 134 132 132 132 132 132 132 132 132 
129 129 129 129 129 129 129 129 130 130 130 130 131 131 131 131 130 130 130 130 130 130 130 130 129 129 128 128 128 128 127 127 126 118 122 132 151 154 160 163 147 147 147 147 146 146 146 146 143 143 143 143 139 139 139 139 144 156 165 162 167 173 169 158 132 132 132 132 132 132 132 132 134 134 134 134 134 134 134 134 132 132 132 132 132 132 132 132 
129 129 129 129 129 129 129 129 130 130 130 130 130 130 130 130 130 130 130 130 133 133 133 133 130 129 129 129 125 124 124 124 121 121 121 121 132 137 147 152 155 152 146 144 147 147 147 147 141 141 141 141 138 138 138 138 147 151 160 165 174 172 172 174 140 131 126 131 132 132 132 132 130 130 130 130 133 133 133 133 130 133 137 139 134 134 134 134 
129 129 129 129 129 129 129 129 130 130 130 130 130 130 130 130 130 130 130 130 132 132 132 132 127 127 127 127 124 124 124 124 121 121 121 121 123 127 134 138 152 151 148 147 145 145 145 145 141 141 141 141 138 138 138 138 147 151 160 165 172 174 174 172 140 131 126 131 132 132 132 132 130 130 130 130 135 135 135 135 132 135 139 141 131 131 131 131 
129 129 129 129 129 129 129 129 130 130 130 130 130 130 130 130 130 130 130 130 128 128 128 128 122 122 122 121 124 124 124 123 121 121 121 121 120 121 122 123 133 135 137 139 141 141 141 141 141 141 141 141 138 138 138 138 147 151 160 165 167 179 179 167 140 131 126 131 132 132 132 132 130 130 130 130 140 140 140 140 137 140 144 146 141 141 141 141 
129 129 129 129 129 129 129 129 130 130 130 130 130 130 130 130 130 130 130 130 127 127 127 127 120 120 120 119 124 124 124 123 121 121 121 121 125 125 123 123 117 119 125 128 138 138 138 138 141 141 141 141 138 138 138 138 147 151 160 165 165 181 181 165 140 131 126 131 132 132 132 132 130 130 130 130 142 142 142 142 139 142 146 148 152 152 152 152 
