00000000001100
011111
100011
010011
100111
001101
000001
11
000110
1111
0000100
1011
00000100
0100
01101
001101
000111
0000011
001
001001
10
11
000000100
01100
1111
11
00001011
100111
1111
1000
000011
00000100
1000
001100
00000110
01001
1011
1111
1101
1101
1
1
00000011
000010
00111
11
1
1
000110
1111
11
1
001100
011000
000110
1110
1110
1
1
1
11
1
1
0000000100
1
0000100
01111
01101
001
001
01
1
0000000100
1011
0000100
1101
100011
1011
001001
001110
1111
11
000000100
1101
1001
0001101
001000
01101
1101
1110
001111
1110
01
01
11
01
01
1
0000010
1
001111
001111
0100
11
01
001
1
001
1
1
1
01
1
1
1
1
1
1
11
0000000100
01
1111
100011
010000
1001
1101
10
011
1
1
000110
01
01111
10
11
1
01
01
1
1
0000000101
10
011
0100
1
1
00110
11
1
001
00000000001110
011111
1101
1010
000011
01
0101
10
1
10
1
1
0100
10
10
0000100
1
01
0000000001010
011111
1110
001001
000011
0000000100
1100
1110
01
1111
0100
11
00110
11
11
0000000110
011101
001011
1000
01101
00000001001
100111
000110
1010
1111
001101
011
1111
1010
1110
00000101
1001
1
1
011110
01101
000011
1110
001111
1111
11
1
01
1
00000100
00000001110
1
000000100
01001
01101
1
001
11
1
1
000000100
1
00000100
1010
1010
1110
001101
1011
1111
001110
1111
10
1
1
01
0101
1001
01101
1111
001001
000011
1110
01
1111
01
1
1
1
01
1010
1111
11
1
1
1
01
0000101
1
1
1
0000000001100
001
1
1
01
11
01
000111
000110
000101
01
001
1
1
01
1
01
11
1
1
0100
11
11
00011
000101
01
1
1
011
01
1
0101
1
011
0000100
00110
11
000110
11
1
0101
10
1100
10
001001
000100
1
11
1110
1
10
1110
1
001
0000100
11
1111
1
00000000100
1111
1111
0000000101
11
000100
11
1100
1
0100
1
10
011
10
011
001000
001101
0001000
1001
1110
1100
1111
11
1
1
1
0000000100
1010
1
1
1
000000100
011
1010
1101
0000100
1011
1000
1
01
1
1
0000000100
1101
00000100
0000100
1001
1110
1101
0000110
1100
1110
01101
1100
1111
11
1
01
01110
1001
0000101
1011
10
1
11
1
1110
11
1
01
1
1
1
000011
1
01
01
1
1
1
1
1
1
1
1
1
0100
11
1
1
000000110
00110
000011
001
1
1
01
01
1
1
01
01
1
1
0101
11
1
1
000101
001
1
01
1
1
1
001
1
1
1
1
00011
11
10
01
1
1
1
000101
1
01
1
1
01
1
000011
001000
001
01
01110
10
000101
01
1
01
01
001
1
1
1
1
01
10
1
0000100
00110
00110
1011
1101
11
01
1
1
10
11
00110
00110
1
000101
11
001
011
1011
1
001000
011
11
1110
000011
000011
11
0100
000100
01
1011
1110
011
11
1100
10
11
0100
10
0100
00110
00000000111
001000
1001
001001
1100
1011
1010
1101
001100
000000
000001
01
1
01
0000101
1001
1110
1110
1101
1111
11
1
1
01
10
1
01
1
1
1
1
001
01
1
1
01
01
10
1
000000100
001
01
1
1
1
0000000100
00000110
1001
1010
1111
000011
1100
1010
1110
1111
001
0000101
10
00000010
0000010
01
001
01
10
1
001
1
1
1011
001010
0100
1110
1100
001000
011
10
11
000011
1
10
10
00000111
1
001
1
001
011
10
11
1
11
1
1
1
10
000100
00000110
011
0101
011
10
11
11
01
001
11
000110
1
01
10
1
1
1
1
1
1
0101
10
11
01
00011
00110
011
1101
1
01
1
01
00111
00111
10
001010
01
1
1111
10
01
001
11
1
1
01
11
1
10
01
1
001
000000100
1110
1
1
01
1
01
000000100
000101
0001000
011
1110
1101
01
001001
00110
1
10
1
1
000000101
01110
11
0101
1
1
10
001
1
01
0100
11
1010
00111
011
001011
10
011
00110
01011
11
0100
0100
011
1101
00110
001
0000000110
001000
01110
0100
11
001000
000100
1
01
1
1
00000100
00111
1
0000100
00000110
1010
000101
00111
1011
00000101
011
1111
01111
01
1
01
000110
0000101
1101
1101
0101
001101
11
10
1
01
1011
0101
10
00110
10
01
00110
10
1
0101
1
11
1101
001011
1
000011
0000011
01
1
01
1
01
1
1
01
1
01
1
1
000100
000100
10
11
1
1
01
11
1
000011
011
10
11
001
01
10
01
0000101
011
1
1
01
01
0100
0101
10
11
11
01
01
1
01
1
1
001
01
000111
011
10
0101
011
01
11
000100
1
10
10
1
1
1
001
1
1
1101
11
1
1
001
001
1
01
01
1
000000101
0101
1
001
01
01
1
1
11
000000111
1
11
1
1
01
1
01
1
1011
0100
0100
1101
11
1
00011
11
11
00000000110
1
11
1011
001000
11
0100
0000100
1010
11
000000101
11
1
0101
10
1
1101
1
1
01
1
0001100
1111
000001
1
11
1111
1
001
1
01
01
01
1
01
001011
1110
10
01
011
10
11
01
1
1
1
01
01
1
00000110
011
0101
001011
011
11
00011
11
11
1
1
01
1
1
01
1
000101
011
000100
0100
01
1
1
01
000011
1101
11
1
001
001
1
1
1
1
1
01
01
1
1
01
10
1
01
000101
01
1
11
1
01
01
1
01
000101
000101
001
000110
01
1
1
000101
1
1
01
000101
01
0000101
1
10
00000101
01111
1111
001
01
1
000000110
011
011
00111
1
1
01
1
10
001001
10
10
10
01
000101
1
01
1
1
1
1
1
01
1
1
1
1
1
01
1
0100
1011
00110
1110
011
11
001
1
1
1
000100
1111
1011
000000111
11
10
01
1
00000100
011
11
01
1
1
01
1
1
0100
1
11
11
1
0000000001010
1110
1
01
00011
10
1010
0101
11
00110
10
1
0101
0100
1
11
1
01
0000101
1010
11
011
1
01
1
1
1
1
1
01
1
01
1
1
01
1
1
1
1
001
1
1
01
01
001
00011
1
0101
1
01
1
1
1
10
01
01
01
000111
001001
11
000111
1
1
1
1
01
11
1
00000110
11
01
1
1
01
01
1
1
1
000000110
00110
1
1
011
00011
0000101
1101
001011
11
000100
1000
1101
1101
1
000101
1
1
1
1
1
1
1
01
01
1
10
1
000101
01
00000110
10
1100
00111
0101
011
0101
001001
0100
001111
01
1
1
1
01
001
1
01
001
11
11
000011
1
10
10
1
1
1
1
1
1
1
1
1
1
1
01
1
1
01
01
1
01
001
1
1
000100
1
01
1
000100
001
000011
011
000101
000111
1100
000100
11
1110
1111
01
0000100
001000
11
0101
1
11
1
1
11
01
1
1
01
1
000100
1111
1110
0000000001111
1
1
011
01
00000110
01
